 7

 6 10 3800
 100 600 1200 2400 500 2000
 8 12 13 64 22 41
 8 12 13 75 22 41
 3 6 4 18 6 4
 5 10 8 32 6 12
 5 13 8 42 6 20
 5 13 8 48 6 20
 0 0 0 0 8 0
 3 0 4 0 8 0
 3 2 4 0 8 4
 3 2 4 8 8 4
 80 96 20 36 44 48 10 18 22 24
 
 10 10 8706.1
 600.1 310.5 1800 3850 18.6 198.7 882 4200 402.5 327
 20 5 100 200 2 4 60 150 80 40
 20 7 130 280 2 8 110 210 100 40
 60 3 50 100 4 2 20 40 6 12
 60 8 70 200 4 6 40 70 16 20
 60 13 70 250 4 10 60 90 20 24
 60 13 70 280 4 10 70 105 22 28
 5 2 20 100 2 5 10 60 0 0
 45 14 80 180 6 10 40 100 20 0
 55 14 80 200 6 10 50 140 30 40
 65 14 80 220 6 10 50 180 30 50
 450 540 200 360 440 480 200 360 440 480
 
 15 10 4015
 100 220 90 400 300 400 205 120 160 580 400 140 100 1300 650
 8 24 13 80 70 80 45 15 28 90 130 32 20 120 40
 8 44 13 100 100 90 75 25 28 120 130 32 40 160 40
 3 6 4 20 20 30 8 3 12 14 40 6 3 20 5
 5 9 6 40 30 40 16 5 18 24 60 16 11 30 25
 5 11 7 50 40 40 19 7 18 29 70 21 17 30 25
 5 11 7 55 40 40 21 9 18 29 70 21 17 35 25
 0 0 1 10 4 10 0 6 0 6 32 3 0 70 10
 3 4 5 20 14 20 6 12 10 18 42 9 12 100 20
 3 6 9 30 29 20 12 12 10 30 42 18 18 110 20
 3 8 9 35 29 20 16 15 10 30 42 20 18 120 20
 550 700 130 240 280 310 110 205 260 275
 
 20 10 6120
 100 220 90 400 300 400 205 120 160 580 400 140 100 1300 650
 320 480 80 60 2550
 8 24 13 80 70 80 45 15 28 90 130 32 20 120 40
 30 20 6 3 180
 8 44 13 100 100 90 75 25 28 120 130 32 40 160 40
 60 55 10 6 240
 3 6 4 20 20 30 8 3 12 14 40 6 3 20 5
 0 5 3 0 20
 5 9 6 40 30 40 16 5 18 24 60 16 11 30 25
 10 13 5 1 80
 5 11 7 50 40 40 19 7 18 29 70 21 17 30 25
 15 25 5 1 100
 5 11 7 55 40 40 21 9 18 29 70 21 17 35 25
 20 25 5 2 110
 0 0 1 10 4 10 0 6 0 6 32 3 0 70 10
 0 0 0 0 0
 3 4 5 20 14 20 6 12 10 18 42 9 12 100 20
 5 6 4 1 20
 3 6 9 30 29 20 12 12 10 30 42 18 18 110 20
 15 18 7 2 40
 3 8 9 35 29 20 16 15 10 30 42 20 18 120 20
 20 22 7 3 50
 550 700 130 240 280 310 110 205 260 275
 
 28 10 12400
 100 220 90 400 300 400 205 120 160 580 400 140 100 1300 650
 320 480 80 60 2550 3100 1100 950 450 300 220 200 520
 8 24 13 80 70 80 45 15 28 90 130 32 20 120 40
 30 20 6 3 180 220 50 30 50 12 5 8 18
 8 44 13 100 100 90 75 25 28 120 130 32 40 160 40
 60 55 10 6 240 290 80 90 70 27 17 8 28
 3 6 4 20 20 30 8 3 12 14 40 6 3 20 5
 0 5 3 0 20 30 40 10 0 5 0 0 10
 5 9 6 40 30 40 16 5 18 24 60 16 11 30 25
 10 13 5 1 80 60 50 20 30 10 5 3 20
 5 11 7 50 40 40 19 7 18 29 70 21 17 30 25
 15 25 5 1 100 70 55 20 50 15 15 6 20
 5 11 7 55 40 40 21 9 18 29 70 21 17 35 25
 20 25 5 2 110 70 55 20 50 20 15 6 20
 0 0 1 10 4 10 0 6 0 6 32 3 0 70 10
 0 0 0 0 0 30 10 0 10 10 5 0 10
 3 4 5 20 14 20 6 12 10 18 42 9 12 100 20
 5 6 4 1 20 50 30 5 20 20 10 10 20
 3 6 9 30 29 20 12 12 10 30 42 18 18 110 20
 15 18 7 2 40 60 50 25 25 25 15 10 28
 3 8 9 35 29 20 16 15 10 30 42 20 18 120 20
 20 22 7 3 50 60 55 25 30 25 15 10 28
 930 1210 272 462 532 572 240 400 470 490
 
 39 5 10618
 560 1125 300 620 2100 431 68 328 47 122 322 196 41 25 425 4260
 416 115 82 22 631 132 420 86 42 103 215 81 91 26 49 420
 316 72 71 49 108 116 90
 40 91 10 30 160 20 3 12 3 18 9 25 1 1 10 280 10 8 1 1 49 8 21
 6 1
 5 10 8 2 1 0 10 42 6 4 8 0 10 1
 16 92 41 16 150 23 4 18 6 0 12 8 2 1 0 200 20 6 2 1 70 9 22 4
 1 5
 10 6 4 0 4 12 8 4 3 0 10 0 6
 38 39 32 71 80 26 5 40 8 12 30 15 0 1 23 100 0 20 3 0 40 6 8 0
 6 4
 22 4 6 1 5 14 8 2 8 0 20 0 0
 8 71 30 60 200 18 6 30 4 8 31 6 3 0 18 60 21 4 0 2 32 15 31 2
 2 7
 8 2 8 0 2 8 6 7 1 0 0 20 8
 38 52 30 42 170 9 7 20 0 3 21 4 1 2 14 310 8 4 6 1 18 15 38 10
 4 8
 6 0 0 3 0 10 6 1 3 0 3 5 4
 600 500 500 500 600
 
 50 5 16537
 560 1125 300 620 2100 431 68 328 47 122 322 196 41 25 425 4260
 416 115 82 22 631 132 420 86 42 103 215 81 91 26 49 420
 316 72 71 49 108 116 90 738 1811 430 3060 215 58 296 620 418
 47 81
 40 91 10 30 160 20 3 12 3 18 9 25 1 1 10 280 10 8 1 1 49 8 21
 6 1
 5 10 8 2 1 0 10 42 6 4 8 0 10 1 40 86 11 120 8 3 32 28 13 2 4
 16 92 41 16 150 23 4 18 6 0 12 8 2 1 0 200 20 6 2 1 70 9 22 4
 1 5
 10 6 4 0 4 12 8 4 3 0 10 0 6 28 93 9 30 22 0 36 45 13 2 2
 38 39 32 71 80 26 5 40 8 12 30 15 0 1 23 100 0 20 3 0 40 6 8 0
 6 4
 22 4 6 1 5 14 8 2 8 0 20 0 0 6 12 6 80 13 6 22 14 0 1 2
 8 71 30 60 200 18 6 30 4 8 31 6 3 0 18 60 21 4 0 2 32 15 31 2
 2 7
 8 2 8 0 2 8 6 7 1 0 0 20 8 14 20 2 40 6 1 14 20 12 0 1
 38 52 30 42 170 9 7 20 0 3 21 4 1 2 14 310 8 4 6 1 18 15 38 10
 4 8
 6 0 0 3 0 10 6 1 3 0 3 5 4 0 30 12 16 18 3 16 22 30 4 0
 800 650 550 550 650
 
 100 5 0
 879 686 547 407 623 884 882
 679 814 673 1156 654 606 940
 490 733 910 1164 483 989 934
 641 1148 1024 1136 856 702 484
 1001 749 881 861 967 1033 928
 582 656 971 607 372 685 553
 714 866 936 1160 600 661 759
 823 688 951 634 858 992 789
 807 922 838 662 682 790 360
 521 850 787 903 571 739 905
 946 669 981 747 950 614 786
 881 854 883 581 488 1014 1072
 567 586 557 600 1027 851 530
 961 758 346 626 682 546 879
 832 708
 859 636 338 240 511 87 829
 70 593 711 681 293 620 646
 644 327 537 369 650 369 506
 598 139 322 833 812 414 131
 846 224 440 258 179 380 698
 103 720 717 62 235 773 64
 735 803 595 308 499 672 713
 78 570 636 968 47 795 589
 125 317 195 761 314 108 13
 141 531 667 984 557 1000 934
 843 706 552 967 545 839 496
 723 117 770 390 966 428 595
 641 150 452 278 804 560 176
 776 966 357 953 563 395 857
 292 378
 384 18 54 579 393 459 952
 272 939 603 489 867 592 489
 312 557 374 860 95 829 262
 292 878 504 692 738 276 734
 340 576 238 950 536 824 550
 407 849 541 82 117 11 4
 425 901 590 905 206 210 181
 704 218 139 137 298 107 578
 12 900 974 85 413 942 870
 962 518 625 930 660 951 781
 424 393 664 397 636 263 744
 964 381 10 481 163 758 559
 392 626 32 701 845 834 551
 968 983 572 756 173 636 804
 772 268
 283 707 130 257 787 831 113
 265 199 450 775 253 856 61
 395 825 768 819 717 953 512
 182 719 655 969 650 895 415
 754 394 626 382 750 110 104
 638 203 306 289 444 115 877
 915 76 58 870 552 969 28
 686 514 878 571 766 630 410
 307 783 345 592 743 307 485
 75 504 47 450 537 600 629
 341 254 970 251 385 149 240
 941 863 639 249 531 671 700
 145 218 484 186 718 148 521
 680 571 335 390 105 15 606
 559 561
 372 329 187 377 495 381 664
 986 489 507 935 940 297 921
 27 875 360 588 385 86 474
 416 662 960 911 149 283 690
 542 834 185 86 76 974 420
 644 503 570 594 403 62 680
 120 966 284 690 16 4 208
 570 716 974 166 757 442 550
 835 302 621 500 354 580 207
 632 138 83 680 879 60 851
 301 822 78 219 977 199 177
 931 429 686 81 204 839 866
 98 601 283 644 581 226 604
 129 278 187 97 952 453 289
 511 826
 782 288 346 204 129 229 44
 342 424 471 649 897 77 716
 16 467 199 876 42 737 792
 768 872 393 455 497 382 172
 550 104 505 686 836 441 578
 582 440 998 599 323 794 164
 422 917 689 672 97 703 876
 544 864 398 41 353 809 26
 279 844 24 726 892 919 158
 577 174 901 739 59 402 925
 364 223 838 131 850 331 815
 521 64 960 857 59 787 801
 306 357 775 990 694 133 269
 885 576 7 246 613 765 757
 398 579
 12914 13123 12297 12018 12712